trialnumber,blocknumber,success,reactiontime,currentcongruency,currentdirection,currentlocation,previouscongruency,previousdirection,previouslocation
1,1,1,335,1,0,0,1,0,0
2,1,1,297,0,0,0,1,0,0
3,1,1,555,1,0,1,0,0,0
4,1,1,482,0,0,1,1,0,1
5,1,1,308,1,0,0,0,0,1
6,1,1,455,1,1,1,1,0,0
7,1,0,267,1,1,0,1,1,1
8,1,1,527,0,0,0,1,1,0
9,1,1,442,1,0,0,0,0,0
10,1,1,425,1,1,1,1,0,0
11,1,1,486,1,0,1,1,1,1
12,1,1,431,0,1,1,1,0,1
13,1,1,418,0,0,1,0,1,1
14,1,1,409,0,0,0,0,0,1
15,1,1,433,1,1,0,0,0,0
16,1,1,364,1,0,0,1,1,0
17,1,1,597,0,0,1,1,0,0
18,1,1,452,0,0,0,0,0,1
19,1,1,476,0,0,1,0,0,0
20,1,1,467,0,0,1,0,0,1
21,1,1,499,1,1,1,0,0,1
22,1,1,410,0,0,1,1,1,1
23,1,1,479,0,1,0,0,0,1
24,1,1,447,0,0,0,0,1,0
25,1,1,735,0,0,0,0,0,0
26,1,1,379,0,1,0,0,0,0
27,1,1,546,0,1,0,0,1,0
28,1,1,383,1,1,0,0,1,0
29,1,1,559,1,1,1,1,1,0
30,1,1,525,0,1,0,1,1,1
31,1,1,448,0,1,0,0,1,0
32,1,1,399,0,1,0,0,1,0
33,1,1,500,0,1,0,0,1,0
34,1,1,487,0,1,0,0,1,0
35,1,1,510,1,1,1,0,1,0
36,1,1,605,0,0,1,1,1,1
37,1,1,380,1,1,0,0,0,1
38,1,1,653,0,1,1,1,1,0
39,1,1,599,0,1,0,0,1,1
40,1,1,593,0,0,1,0,1,0
41,1,1,400,0,1,1,0,0,1
42,1,1,413,1,1,1,0,1,1
43,1,1,345,0,1,1,1,1,1
44,1,1,434,1,1,1,0,1,1
45,1,1,367,0,1,1,1,1,1
46,1,1,603,0,1,0,0,1,1
47,1,1,625,0,1,0,0,1,0
48,1,1,403,0,0,1,0,1,0
49,1,1,506,0,1,0,0,0,1
50,1,1,346,0,0,0,0,1,0
51,1,1,572,1,0,0,0,0,0
52,1,1,454,0,0,1,1,0,0
53,1,1,476,0,1,0,0,0,1
54,1,1,378,1,0,1,0,1,0
55,1,1,419,1,1,0,1,0,1
56,1,1,484,1,1,0,1,1,0
57,1,1,609,1,1,0,1,1,0
58,1,1,487,1,1,0,1,1,0
59,1,1,457,0,0,1,1,1,0
60,1,1,552,0,0,1,0,0,1
61,1,1,431,1,1,0,0,0,1
62,1,1,350,1,0,0,1,1,0
63,1,1,505,1,0,1,1,0,0
64,1,1,416,1,1,1,1,0,1
65,1,1,414,1,0,1,1,1,1
66,1,1,463,1,0,0,1,0,1
67,1,1,490,1,0,1,1,0,0
68,1,1,493,0,0,0,1,0,1
69,1,1,708,0,0,1,0,0,0
70,1,1,649,1,1,1,0,0,1
71,1,1,410,0,0,1,1,1,1
72,1,1,440,1,1,1,0,0,1
73,1,1,394,1,0,1,1,1,1
74,1,1,482,0,1,0,1,0,1
75,1,1,370,0,0,1,0,1,0
76,1,1,337,0,0,0,0,0,1
77,1,1,422,1,1,1,0,0,0
78,1,1,516,0,1,1,1,1,1
79,1,1,394,1,1,1,0,1,1
80,1,1,347,1,1,1,1,1,1
81,1,1,398,0,1,1,1,1,1
82,1,1,652,1,0,1,0,1,1
83,1,1,427,1,1,0,1,0,1
84,1,1,328,1,1,1,1,1,0
85,1,1,658,1,1,0,1,1,1
86,1,1,643,1,1,0,1,1,0
87,1,1,670,0,1,0,1,1,0
88,1,1,452,0,0,1,0,1,0
89,1,1,404,0,1,0,0,0,1
90,1,1,426,1,1,0,0,1,0
91,1,1,450,1,0,1,1,1,0
92,1,1,352,1,1,1,1,0,1
93,1,1,297,1,0,0,1,1,1
94,1,1,392,1,1,0,1,0,0
95,1,1,569,1,1,1,1,1,0
96,1,1,721,0,1,0,1,1,1
97,1,1,405,1,1,0,0,1,0
98,1,1,856,1,1,1,1,1,0
99,1,1,450,0,1,1,1,1,1
100,1,1,420,1,1,1,0,1,1
101,1,1,388,1,0,0,1,1,1
102,1,1,444,1,0,1,1,0,0
103,1,1,520,1,1,0,1,0,1
104,1,1,600,1,1,0,1,1,0
105,1,1,573,0,1,1,1,1,0
106,1,1,611,0,0,1,0,1,1
107,1,1,328,1,0,0,0,0,1
108,1,1,457,1,0,0,1,0,0
109,1,1,482,0,1,0,1,0,0
110,1,1,400,1,1,1,0,1,0
111,1,1,387,1,0,1,1,1,1
112,1,1,423,1,1,0,1,0,1
113,1,1,439,0,0,0,1,1,0
114,1,1,353,1,1,1,0,0,0
115,1,1,416,1,1,1,1,1,1
116,1,1,401,1,0,1,1,1,1
117,1,1,419,0,0,1,1,0,1
118,1,1,475,1,1,0,0,0,1
119,1,1,400,1,0,1,1,1,0
120,1,1,671,0,1,0,1,0,1
121,1,1,361,0,0,1,0,1,0
122,1,1,478,0,1,1,0,0,1
123,1,1,578,1,0,1,0,1,1
124,1,1,359,0,0,0,1,0,1
125,1,1,401,0,0,1,0,0,0
126,1,1,350,0,0,0,0,0,1
127,1,1,425,0,1,1,0,0,0
128,1,1,303,0,0,0,0,1,1
129,1,1,547,1,0,1,0,0,0
130,1,1,371,0,1,1,1,0,1
131,1,1,330,0,0,0,0,1,1
132,1,1,348,0,1,1,0,0,0
133,1,1,241,1,0,0,0,1,1
134,1,1,523,0,0,1,1,0,0
135,1,1,399,1,1,1,0,0,1
136,1,1,393,0,0,1,1,1,1
137,1,1,523,1,0,1,0,0,1
138,1,1,517,1,1,0,1,0,1
139,1,1,316,1,0,0,1,1,0
140,1,1,793,0,1,0,1,0,0
141,1,1,324,1,0,1,0,1,0
142,1,1,659,1,0,1,1,0,1
143,1,1,456,0,1,1,1,0,1
144,1,1,390,0,0,1,0,1,1
145,1,1,494,0,1,1,0,0,1
146,1,1,737,1,1,0,0,1,1
147,1,1,455,0,1,0,1,1,0
148,1,1,401,1,0,1,0,1,0
149,1,1,490,0,1,0,1,0,1
150,1,1,487,0,1,1,0,1,0
151,1,1,496,1,1,0,0,1,1
152,1,1,453,1,1,0,1,1,0
153,1,1,424,0,1,0,1,1,0
154,1,1,525,0,1,0,0,1,0
155,1,1,427,1,0,1,0,1,0
156,1,1,348,0,0,0,1,0,1
157,1,1,491,1,1,0,0,0,0
158,1,1,335,0,1,1,1,1,0
159,1,1,478,0,0,0,0,1,1
160,1,1,366,0,1,1,0,0,0
161,1,1,379,0,0,1,0,1,1
162,1,1,299,1,0,0,0,0,1
163,1,1,607,0,0,0,1,0,0
164,1,1,435,1,0,0,0,0,0
165,1,1,487,1,1,1,1,0,0
166,1,1,533,1,1,0,1,1,1
167,1,1,354,0,1,1,1,1,0
168,1,1,568,0,1,0,0,1,1
169,1,1,391,0,1,1,0,1,0
170,1,1,554,0,1,0,0,1,1
171,1,1,561,0,0,0,0,1,0
172,1,1,510,1,1,1,0,0,0
173,1,1,384,0,1,1,1,1,1
174,1,1,380,1,0,0,0,1,1
175,1,1,406,0,1,0,1,0,0
176,1,1,341,1,1,1,0,1,0
177,1,1,526,1,0,0,1,1,1
178,1,1,431,1,0,0,1,0,0
179,1,1,462,0,1,0,1,0,0
180,1,1,455,0,1,0,0,1,0
181,1,1,483,0,0,0,0,1,0
182,1,1,434,1,0,0,0,0,0
183,1,1,648,1,0,1,1,0,0
184,1,1,437,1,0,1,1,0,1
185,1,1,280,1,0,0,1,0,1
186,1,1,306,0,0,0,1,0,0
187,1,1,429,1,1,1,0,0,0
188,1,1,557,0,1,0,1,1,1
189,1,1,269,0,0,0,0,1,0
190,1,1,631,0,0,1,0,0,0
191,1,1,363,1,0,0,0,0,1
192,1,1,502,0,1,0,1,0,0
193,1,1,431,1,0,1,0,1,0
194,1,1,332,0,0,0,1,0,1
195,1,1,352,0,1,1,0,0,0
196,1,1,319,0,0,0,0,1,1
197,1,1,528,1,0,1,0,0,0
198,1,1,810,1,0,0,1,0,1
199,1,1,497,1,0,1,1,0,0
200,1,1,545,1,1,0,1,0,1
201,1,1,412,1,1,1,1,1,0
202,1,1,424,0,0,1,1,1,1
203,1,1,383,0,1,1,0,0,1
204,1,1,302,1,0,0,0,1,1
205,1,1,555,1,1,0,1,0,0
206,1,1,369,1,0,0,1,1,0
207,1,1,422,0,1,0,1,0,0
208,1,1,390,1,1,1,0,1,0
209,1,1,398,1,0,1,1,1,1
210,1,1,616,1,0,0,1,0,1
211,1,1,539,1,1,0,1,0,0
212,1,1,369,1,0,1,1,1,0
213,1,1,438,1,1,0,1,0,1
214,1,1,280,0,0,0,1,1,0
215,1,1,428,1,1,0,0,0,0
216,1,1,464,1,0,1,1,1,0
217,1,1,715,0,1,1,1,0,1
218,1,1,595,0,0,0,0,1,1
219,1,1,459,0,1,1,0,0,0
220,1,1,433,0,0,1,0,1,1
221,1,1,380,1,1,1,0,0,1
222,1,1,238,1,0,0,1,1,1
223,1,1,567,1,1,0,1,0,0
224,1,1,393,0,0,0,1,1,0
225,1,1,484,0,1,1,0,0,0
226,1,1,546,0,1,1,0,1,1
227,1,1,387,1,0,1,0,1,1
228,1,1,502,0,0,1,1,0,1
229,1,1,744,0,1,0,0,0,1
230,1,1,492,1,0,1,0,1,0
231,1,1,392,0,1,1,1,0,1
232,1,1,430,1,0,1,0,1,1
233,1,1,413,0,0,0,1,0,1
234,1,1,488,1,1,0,0,0,0
235,1,1,485,1,1,1,1,1,0
236,1,1,402,1,1,1,1,1,1
237,1,1,402,1,0,0,1,1,1
238,1,1,723,0,0,0,1,0,0
239,1,1,570,0,1,0,0,0,0
240,1,1,450,1,0,1,0,1,0
241,1,1,384,0,0,0,1,0,1
242,1,1,352,0,1,1,0,0,0
243,1,1,560,0,1,0,0,1,1
244,1,1,530,1,1,0,0,1,0
245,1,1,417,0,0,1,1,1,0
246,1,1,488,0,1,0,0,0,1
247,1,1,383,0,0,1,0,1,0
248,1,1,375,1,0,0,0,0,1
249,1,1,418,0,1,1,1,0,0
250,1,1,653,1,1,0,0,1,1
251,1,1,389,0,0,0,1,1,0
252,1,1,470,0,1,1,0,0,0
253,1,1,463,1,0,0,0,1,1
254,1,1,306,0,1,1,1,0,0
255,1,0,361,1,1,0,0,1,1
256,1,1,501,0,1,1,1,1,0
257,1,1,497,0,1,1,0,1,1
258,1,1,433,0,0,1,0,1,1
259,1,1,435,0,0,1,0,0,1
260,1,1,426,1,0,1,0,0,1
261,1,1,365,1,0,0,1,0,1
262,1,1,479,1,1,0,1,0,0
263,1,1,373,0,0,1,1,1,0
264,1,1,324,0,0,0,0,0,1
265,1,1,703,0,0,1,0,0,0
266,1,1,677,1,1,1,0,0,1
267,1,1,513,0,1,0,1,1,1
268,1,1,385,0,0,1,0,1,0
269,1,1,395,1,1,1,0,0,1
270,1,1,331,1,0,0,1,1,1
271,1,1,692,1,0,0,1,0,0
272,1,0,0,0,0,0,1,0,0
273,1,1,416,0,0,0,0,0,0
274,1,1,462,0,0,1,0,0,0
275,1,1,810,0,0,0,0,0,1
276,1,1,319,1,0,0,0,0,0
277,1,1,473,1,0,1,1,0,0
278,1,1,587,1,0,1,1,0,1
279,1,1,316,1,0,0,1,0,1
280,1,1,549,1,1,0,1,0,0
281,1,1,337,0,0,0,1,1,0
282,1,1,451,1,1,1,0,0,0
283,1,1,650,0,1,0,1,1,1
284,1,1,414,1,1,1,0,1,0
285,1,1,538,1,0,1,1,1,1
286,1,1,417,1,0,1,1,0,1
287,1,1,469,1,1,0,1,0,1
288,1,1,442,0,0,1,1,1,0
289,1,1,428,1,1,1,0,0,1
290,1,1,775,1,0,1,1,1,1
291,1,1,514,0,0,1,1,0,1
292,1,1,381,0,0,0,0,0,1
293,1,1,459,1,1,0,0,0,0
294,1,1,275,1,0,0,1,1,0
295,1,1,455,0,1,1,1,0,0
296,1,1,445,0,1,0,0,1,1
297,1,1,332,1,0,0,0,1,0
298,1,1,464,1,0,0,1,0,0
299,1,1,409,1,1,1,1,0,0
300,1,1,479,0,1,1,1,1,1
301,1,1,345,0,0,0,0,1,1
302,1,1,361,1,1,1,0,0,0
303,1,1,552,0,0,0,0,0,0
303,1,1,552,0,0,0,1,1,1
304,1,1,527,0,0,1,0,0,0
305,1,1,460,1,0,1,0,0,1
306,1,1,337,1,1,1,1,0,1
307,1,1,328,1,0,1,1,1,1
308,1,1,473,1,1,0,1,0,1
309,1,1,391,0,1,1,1,1,0
310,1,1,409,0,0,0,0,1,1
311,1,1,431,1,1,1,0,0,0
312,1,1,616,0,0,0,1,1,1
313,1,1,458,0,1,0,0,0,0
314,1,1,419,1,0,0,0,1,0
315,1,1,624,1,0,0,1,0,0
316,1,1,390,0,1,1,1,0,0
317,1,1,426,1,0,0,0,1,1
318,1,1,353,0,1,1,1,0,0
319,1,1,424,0,0,1,0,1,1
320,1,1,402,0,1,1,0,0,1
1,2,1,361,0,1,1,0,1,1
2,2,1,241,1,0,0,0,1,1
3,2,1,395,0,1,0,1,0,0
4,2,1,359,0,0,1,0,1,0
5,2,1,409,1,0,0,0,0,1
6,2,1,591,1,0,1,1,0,0
7,2,1,428,0,1,0,1,0,1
8,2,1,347,1,0,0,0,1,0
9,2,1,343,1,1,1,1,0,0
10,2,1,555,1,1,0,1,1,1
11,2,1,462,0,0,1,1,1,0
12,2,1,401,1,1,1,0,0,1
13,2,1,404,0,0,1,1,1,1
14,2,1,467,0,1,0,0,0,1
15,2,1,491,1,0,0,0,1,0
16,2,1,654,0,0,0,1,0,0
17,2,1,489,1,1,0,0,0,0
18,2,1,365,0,1,1,1,1,0
19,2,1,299,0,0,0,0,1,1
20,2,1,346,1,1,1,0,0,0
21,2,1,310,1,0,0,1,1,1
22,2,1,632,1,0,1,1,0,0
23,2,1,340,1,1,1,1,0,1
24,2,1,285,0,0,0,1,1,1
25,2,1,441,1,0,0,0,0,0
26,2,1,457,0,1,1,1,0,0
27,2,1,399,1,1,1,0,1,1
28,2,1,383,0,1,1,1,1,1
29,2,1,356,0,1,1,0,1,1
30,2,0,274,0,1,0,0,1,1
31,2,1,419,0,0,0,0,1,0
32,2,1,378,0,0,0,0,0,0
33,2,1,442,0,1,0,0,0,0
34,2,1,357,1,1,1,0,1,0
35,2,1,509,0,1,0,1,1,1
36,2,1,467,0,0,1,0,1,0
37,2,1,439,0,0,1,0,0,1
38,2,1,442,0,0,0,0,0,1
39,2,1,591,0,1,1,0,0,0
40,2,1,513,0,1,0,0,1,1
41,2,1,511,1,1,1,0,1,0
42,2,1,420,1,0,1,1,1,1
43,2,1,461,0,1,0,1,0,1
44,2,1,432,1,0,1,0,1,0
45,2,1,320,0,0,0,1,0,1
46,2,1,677,1,1,0,0,0,0
47,2,1,459,1,1,0,1,1,0
48,2,1,472,1,1,0,1,1,0
49,2,1,281,1,1,1,1,1,0
50,2,1,470,1,0,0,1,1,1
51,2,1,330,1,1,1,1,0,0
52,2,1,495,1,0,1,1,1,1
53,2,1,458,1,0,1,1,0,1
54,2,1,381,1,0,0,1,0,1
55,2,1,432,0,0,0,1,0,0
56,2,1,361,1,1,1,0,0,0
57,2,1,374,1,0,0,1,1,1
58,2,1,522,1,1,0,1,0,0
59,2,1,446,1,1,0,1,1,0
60,2,1,390,0,0,0,1,1,0
61,2,1,582,0,1,1,0,0,0
62,2,1,501,0,1,0,0,1,1
63,2,1,378,0,1,1,0,1,0
64,2,1,556,1,1,0,0,1,1
65,2,1,302,1,1,1,1,1,0
66,2,1,359,1,1,1,1,1,1
67,2,1,477,0,1,0,1,1,1
68,2,1,466,0,1,0,0,1,0
69,2,1,494,1,0,0,0,1,0
70,2,1,560,0,0,1,1,0,0
71,2,1,616,1,1,1,0,0,1
72,2,1,360,1,0,0,1,1,1
73,2,1,457,1,0,0,1,0,0
74,2,1,496,0,0,1,1,0,0
75,2,1,468,0,0,1,0,0,1
76,2,1,294,1,0,0,0,0,1
77,2,1,591,0,0,0,1,0,0
78,2,1,462,1,0,1,0,0,0
79,2,1,665,1,1,0,1,0,1
80,2,1,445,1,0,0,1,1,0
81,2,1,537,1,0,1,1,0,0
82,2,1,413,0,0,1,1,0,1
83,2,1,481,0,1,0,0,0,1
84,2,1,412,1,1,1,0,1,0
85,2,1,423,0,0,0,1,1,1
86,2,1,585,1,1,1,0,0,0
87,2,1,272,0,0,0,1,1,1
88,2,1,487,0,1,0,0,0,0
89,2,1,522,0,1,0,0,1,0
90,2,1,343,1,1,1,0,1,0
91,2,1,382,1,1,1,1,1,1
92,2,1,368,0,0,0,1,1,1
93,2,1,588,1,1,1,0,0,0
94,2,1,329,1,0,0,1,1,1
95,2,1,504,1,0,1,1,0,0
96,2,1,745,1,1,0,1,0,1
97,2,1,327,0,1,1,1,1,0
98,2,1,742,1,1,0,0,1,1
99,2,1,638,1,1,1,1,1,0
100,2,1,350,0,1,1,1,1,1
101,2,1,449,1,0,1,0,1,1
102,2,1,387,0,0,1,1,0,1
103,2,1,391,0,0,0,0,0,1
104,2,1,383,0,1,1,0,0,0
105,2,0,359,0,1,0,0,1,1
106,2,1,512,1,0,1,0,1,0
107,2,1,391,1,1,0,1,0,1
108,2,1,446,0,1,1,1,1,0
109,2,1,365,1,1,1,0,1,1
110,2,1,399,0,0,1,1,1,1
111,2,1,465,1,0,1,0,0,1
112,2,1,319,1,0,0,1,0,1
113,2,1,760,1,1,0,1,0,0
114,2,1,677,1,1,0,1,1,0
115,2,1,408,0,0,0,1,1,0
116,2,1,368,0,0,0,0,0,0
117,2,1,474,1,0,1,0,0,0
118,2,1,471,1,0,1,1,0,1
119,2,1,602,1,1,0,1,0,1
120,2,1,345,1,1,1,1,1,0
121,2,1,362,1,1,1,1,1,1
122,2,1,483,1,0,1,1,1,1
123,2,1,608,0,1,1,1,0,1
124,2,1,409,0,0,1,0,1,1
125,2,1,303,1,1,1,0,0,1
126,2,1,375,0,0,1,1,1,1
127,2,1,448,0,1,0,0,0,1
128,2,1,383,1,0,0,0,1,0
129,2,1,303,1,1,1,1,0,0
130,2,1,384,0,1,1,1,1,1
131,2,1,422,0,0,1,0,1,1
132,2,1,479,0,0,1,0,0,1
133,2,1,534,1,0,1,0,0,1
134,2,1,363,1,0,0,1,0,1
135,2,1,533,0,1,0,1,0,0
136,2,1,549,0,0,0,0,1,0
137,2,1,340,0,0,0,0,0,0
138,2,1,459,0,1,0,0,0,0
139,2,1,335,1,0,0,0,1,0
140,2,1,331,0,0,0,1,0,0
141,2,1,641,0,0,0,0,0,0
142,2,1,477,1,1,0,0,0,0
143,2,1,307,0,0,0,1,1,0
144,2,1,540,1,0,1,0,0,0
145,2,1,443,0,0,1,1,0,1
146,2,1,451,1,1,0,0,0,1
147,2,1,488,0,1,0,1,1,0
148,2,1,359,1,1,1,0,1,0
149,2,1,548,0,0,1,1,1,1
150,2,1,341,0,0,0,0,0,0
150,2,1,341,0,0,0,0,0,1
151,2,1,472,1,1,0,0,0,0
152,2,1,454,1,1,0,1,1,0
153,2,1,530,0,0,1,1,1,0
154,2,1,482,1,0,1,0,0,1
155,2,1,573,0,1,1,1,0,1
156,2,1,424,0,0,1,0,1,1
157,2,1,383,1,0,0,0,0,1
158,2,1,658,1,0,1,1,0,0
159,2,1,425,1,0,1,1,0,1
160,2,1,266,1,0,0,1,0,1
161,2,1,432,1,1,0,1,0,0
162,2,1,421,1,0,1,1,1,0
163,2,1,433,1,1,1,1,0,1
164,2,1,276,1,0,0,1,1,1
165,2,1,443,0,1,0,1,0,0
166,2,1,561,0,1,0,0,1,0
167,2,1,371,0,0,1,0,1,0
168,2,1,454,0,0,1,0,0,1
169,2,1,293,0,0,0,0,0,1
170,2,1,436,0,0,1,0,0,0
171,2,1,584,1,0,0,0,0,1
172,2,1,337,1,1,1,1,0,0
173,2,1,363,0,0,1,1,1,1
174,2,1,473,1,1,0,0,0,1
175,2,1,537,0,1,1,1,1,0
176,2,1,311,0,0,0,0,1,1
177,2,1,690,1,1,0,0,0,0
178,2,1,638,0,1,0,1,1,0
179,2,1,507,1,0,1,0,1,0
180,2,1,326,1,0,0,1,0,1
181,2,1,468,0,1,0,1,0,0
182,2,1,374,0,0,0,0,1,0
183,2,1,338,0,0,0,0,0,0
184,2,1,464,1,0,0,0,0,0
185,2,1,305,1,0,0,1,0,0
186,2,1,333,1,0,0,1,0,0
187,2,1,544,1,1,0,1,0,0
188,2,1,437,0,1,0,1,1,0
189,2,1,473,0,1,0,0,1,0
190,2,1,461,1,0,1,0,1,0
191,2,1,458,0,0,1,1,0,1
192,2,1,269,1,0,0,0,0,1
193,2,1,580,1,0,1,1,0,0
194,2,1,414,0,1,0,1,0,1
195,2,1,415,1,1,0,0,1,0
196,2,1,367,0,1,1,1,1,0
197,2,1,301,1,0,0,0,1,1
198,2,1,370,0,1,1,1,0,0
199,2,1,391,0,1,1,0,1,1
200,2,1,259,0,0,0,0,1,1
201,2,1,327,1,0,0,0,0,0
202,2,1,397,0,0,1,1,0,0
203,2,1,462,0,1,1,0,0,1
204,2,1,573,0,0,0,0,1,1
205,2,1,383,1,0,0,0,0,0
206,2,1,567,1,0,1,1,0,0
207,2,1,428,0,1,1,1,0,1
208,2,1,688,0,1,0,0,1,1
209,2,1,447,1,0,1,0,1,0
210,2,1,346,1,0,0,1,0,1
211,2,1,470,0,0,1,1,0,0
212,2,1,418,0,1,1,0,0,1
213,2,1,364,0,1,1,0,1,1
214,2,1,392,0,1,1,0,1,1
215,2,1,477,1,1,0,0,1,1
216,2,1,398,1,1,0,1,1,0
217,2,1,372,0,1,0,1,1,0
218,2,1,378,0,0,0,0,1,0
219,2,1,396,0,1,1,0,0,0
220,2,1,568,0,1,1,0,1,1
221,2,1,406,1,0,1,0,1,1
222,2,1,397,1,0,1,1,0,1
223,2,1,310,1,0,0,1,0,1
224,2,1,319,1,1,1,1,0,0
225,2,1,491,1,1,0,1,1,1
226,2,1,393,1,0,1,1,1,0
227,2,1,431,1,1,0,1,0,1
228,2,1,483,1,1,0,1,1,0
229,2,1,304,1,1,1,1,1,0
230,2,1,300,0,0,0,1,1,1
231,2,1,374,1,1,1,0,0,0
232,2,1,794,1,1,0,1,1,1
233,2,1,372,0,1,1,1,1,0
234,2,1,410,1,0,1,0,1,1
235,2,1,390,1,0,1,1,0,1
236,2,1,328,1,0,0,1,0,1
237,2,1,453,0,0,1,1,0,0
238,2,1,407,1,0,0,0,0,1
239,2,1,389,1,1,0,1,0,0
240,2,1,516,1,1,1,1,1,0
241,2,1,380,1,1,1,1,1,1
242,2,1,339,0,1,1,1,1,1
243,2,1,309,0,0,0,0,1,1
244,2,1,596,0,0,0,0,0,0
245,2,1,397,0,0,1,0,0,0
246,2,1,335,1,1,1,0,0,1
247,2,0,246,0,1,0,1,1,1
248,2,1,443,1,0,1,0,1,0
249,2,1,595,0,1,1,1,0,1
250,2,1,259,0,0,0,0,1,1
251,2,1,591,1,0,1,0,0,0
252,2,1,501,0,1,1,1,0,1
253,2,1,461,1,1,0,0,1,1
254,2,1,477,1,0,1,1,1,0
255,2,1,808,0,1,0,1,0,1
256,2,1,474,1,1,0,0,1,0
257,2,1,423,0,0,1,1,1,0
258,2,1,439,0,0,1,0,0,1
259,2,1,418,1,1,0,0,0,1
260,2,1,372,0,0,1,1,1,0
261,2,1,486,0,0,0,0,0,1
262,2,1,440,0,1,0,0,0,0
263,2,1,442,0,0,0,0,1,0
264,2,1,411,1,1,0,0,0,0
265,2,1,482,1,0,1,1,1,0
266,2,1,560,0,1,1,1,0,1
267,2,0,256,0,1,0,0,1,1
268,2,1,467,1,0,0,0,1,0
269,2,1,425,0,1,1,1,0,0
270,2,1,464,1,1,0,0,1,1
271,2,1,480,0,0,1,1,1,0
272,2,1,537,0,1,1,0,0,1
273,2,1,425,0,0,1,0,1,1
274,2,1,388,0,0,1,0,0,1
275,2,1,429,0,1,1,0,0,1
276,2,1,492,1,1,1,0,1,1
277,2,1,432,0,1,1,1,1,1
278,2,1,460,0,0,1,0,1,1
279,2,1,447,0,0,1,0,0,1
280,2,1,507,1,0,0,0,0,1
281,2,1,442,0,1,1,1,0,0
282,2,1,424,1,1,1,0,1,1
283,2,1,471,0,1,0,1,1,1
284,2,1,456,1,1,1,0,1,0
285,2,1,494,0,1,0,1,1,1
286,2,1,434,1,1,1,0,1,0
287,2,1,386,1,0,0,1,1,1
288,2,1,513,1,1,1,1,0,0
289,2,1,476,0,1,0,1,1,1
290,2,1,341,0,0,0,0,1,0
291,2,1,454,0,0,0,0,0,0
292,2,1,451,0,1,0,0,0,0
293,2,1,408,1,1,0,0,1,0
294,2,1,466,0,1,0,1,1,0
295,2,1,402,1,1,1,0,1,0
296,2,1,488,1,0,1,1,1,1
297,2,1,454,0,0,1,1,0,1
298,2,1,825,0,0,1,0,0,1
299,2,1,455,1,0,1,0,0,1
300,2,1,440,0,0,0,1,0,1
301,2,1,308,1,0,1,0,0,0
302,2,1,775,1,1,0,1,0,1
303,2,1,309,1,0,0,1,1,0
304,2,1,544,0,1,1,1,0,0
305,2,1,317,1,0,1,0,1,1
306,2,1,545,0,0,1,1,0,1
307,2,1,346,0,0,0,0,0,1
308,2,1,318,1,0,1,0,0,0
309,2,1,441,0,1,1,1,0,1
310,2,1,510,0,1,0,0,1,1
311,2,1,348,0,1,1,0,1,0
312,2,1,489,0,1,0,0,1,1
313,2,1,347,0,0,0,0,1,0
314,2,1,400,1,0,0,0,0,0
315,2,1,783,0,1,0,1,0,0
316,2,1,500,0,1,1,0,1,0
317,2,1,386,1,1,1,0,1,1
318,2,1,389,0,0,1,1,1,1
319,2,1,493,1,1,0,0,0,1
320,2,1,446,1,1,0,1,1,0
1,3,1,400,1,1,1,1,1,1
2,3,1,367,0,0,0,1,1,1
3,3,1,349,0,0,0,0,0,0
4,3,1,348,0,1,1,0,0,0
5,3,0,0,0,1,0,0,1,1
6,3,0,0,1,1,0,0,1,0
7,3,1,386,0,1,1,1,1,0
8,3,1,398,1,0,0,0,1,1
9,3,1,557,1,1,0,1,0,0
10,3,1,560,1,0,1,1,1,0
11,3,1,397,1,0,0,1,0,1
12,3,1,515,0,1,0,1,0,0
13,3,1,509,1,0,0,0,1,0
14,3,1,487,1,0,0,1,0,0
15,3,1,526,1,1,0,1,0,0
16,3,1,476,0,0,0,1,1,0
17,3,1,464,0,1,0,0,0,0
18,3,1,505,0,1,0,0,1,0
19,3,1,582,1,0,1,0,1,0
20,3,1,370,0,1,1,1,0,1
21,3,1,555,1,1,1,0,1,1
22,3,1,352,1,0,0,1,1,1
23,3,0,331,1,0,1,1,0,0
24,3,1,634,1,0,0,1,0,1
25,3,1,501,0,0,0,1,0,0
26,3,1,442,0,0,0,0,0,0
27,3,1,522,1,1,0,0,0,0
28,3,1,527,1,0,1,1,1,0
29,3,1,485,1,0,0,1,0,1
30,3,1,585,0,0,1,1,0,0
31,3,1,358,0,0,0,0,0,1
32,3,1,347,1,0,0,0,0,0
33,3,1,427,1,1,1,1,0,0
34,3,1,594,0,1,0,1,1,1
35,3,1,453,1,1,0,0,1,0
36,3,1,369,1,0,0,1,1,0
37,3,1,425,1,1,1,1,0,0
38,3,1,430,1,0,0,1,1,1
39,3,1,465,0,0,0,1,0,0
40,3,1,596,0,0,1,0,0,0
41,3,1,482,1,1,0,0,0,1
42,3,1,491,0,1,1,1,1,0
43,3,1,634,1,1,0,0,1,1
44,3,1,388,0,0,0,1,1,0
45,3,1,535,1,0,1,0,0,0
46,3,1,508,0,1,0,1,0,1
47,3,1,336,1,0,0,0,1,0
48,3,1,368,1,1,1,1,0,0
49,3,1,528,1,1,1,1,1,1
50,3,1,397,1,1,1,1,1,1
51,3,1,634,0,1,0,1,1,1
52,3,1,647,0,1,1,0,1,0
53,3,1,358,0,1,1,0,1,1
54,3,1,458,1,1,1,0,1,1
55,3,1,402,0,0,0,1,1,1
56,3,1,553,0,0,1,0,0,0
57,3,1,404,1,1,1,0,0,1
58,3,1,531,1,1,0,1,1,1
59,3,1,555,1,0,1,1,1,0
60,3,1,400,1,0,0,1,0,1
61,3,1,569,0,0,0,1,0,0
62,3,1,673,0,1,1,0,0,0
63,3,1,501,1,0,1,0,1,1
64,3,1,508,0,0,1,1,0,1
65,3,1,412,0,1,1,0,0,1
66,3,0,336,0,1,0,0,1,1
67,3,1,459,0,1,0,0,1,0
68,3,1,380,0,0,0,0,1,0
69,3,1,515,1,0,1,0,0,0
70,3,1,502,0,1,0,1,0,1
71,3,1,706,1,1,1,0,1,0
72,3,1,406,1,1,1,1,1,1
73,3,1,408,0,0,0,1,1,1
74,3,1,479,1,0,0,0,0,0
75,3,1,431,0,1,1,1,0,0
76,3,1,930,0,0,0,0,1,1
77,3,1,468,0,0,1,0,0,0
78,3,1,485,1,0,1,0,0,1
79,3,1,369,0,0,0,1,0,1
80,3,1,400,1,1,1,0,0,0
81,3,1,815,0,1,0,1,1,1
82,3,1,496,1,0,1,0,1,0
83,3,1,498,0,1,0,1,0,1
84,3,1,608,1,0,1,0,1,0
85,3,1,489,0,1,0,1,0,1
86,3,1,530,1,1,1,0,1,0
87,3,1,479,1,0,1,1,1,1
88,3,1,504,1,1,0,1,0,1
89,3,1,473,0,0,1,1,1,0
90,3,1,474,1,0,1,0,0,1
91,3,1,527,0,1,0,1,0,1
92,3,1,500,0,0,1,0,1,0
93,3,1,483,1,1,0,0,0,1
94,3,1,514,0,1,0,1,1,0
95,3,1,448,0,0,0,0,1,0
96,3,1,557,1,0,1,0,0,0
97,3,1,521,1,0,1,1,0,1
98,3,1,407,1,1,1,1,0,1
99,3,1,497,1,0,1,1,1,1
100,3,1,525,1,1,0,1,0,1
101,3,1,333,0,0,0,1,1,0
102,3,1,407,0,1,0,0,0,0
103,3,1,349,1,0,0,0,1,0
104,3,1,585,0,0,1,1,0,0
105,3,1,460,0,1,1,0,0,1
106,3,0,256,1,1,1,0,1,1
107,3,1,845,0,0,0,1,1,1
108,3,1,528,1,0,1,0,0,0
109,3,1,433,0,0,0,1,0,1
110,3,1,627,0,0,1,0,0,0
111,3,1,491,0,0,1,0,0,1
112,3,1,494,0,1,0,0,0,1
113,3,1,414,1,0,0,0,1,0
114,3,1,522,1,1,0,1,0,0
115,3,1,362,1,0,0,1,1,0
116,3,1,480,1,1,1,1,0,0
117,3,1,453,1,0,1,1,1,1
118,3,1,483,0,0,1,1,0,1
119,3,1,515,1,0,1,0,0,1
120,3,1,483,1,1,0,1,0,1
121,3,1,522,0,1,0,1,1,0
122,3,1,478,0,1,0,0,1,0
123,3,1,485,1,1,1,0,1,0
124,3,1,466,0,0,1,1,1,1
125,3,1,400,0,1,1,0,0,1
126,3,1,406,1,1,1,0,1,1
127,3,1,499,1,1,0,1,1,1
128,3,1,468,0,0,1,1,1,0
129,3,1,446,0,0,1,0,0,1
130,3,1,418,0,0,0,0,0,1
131,3,1,366,0,1,1,0,0,0
132,3,1,352,0,0,0,0,1,1
133,3,1,454,0,0,0,0,0,0
134,3,1,502,1,0,1,0,0,0
135,3,1,493,1,1,0,1,0,1
136,3,1,473,0,0,1,1,1,0
137,3,1,500,0,1,0,0,0,1
138,3,1,527,1,1,0,0,1,0
139,3,1,425,1,1,0,1,1,0
140,3,1,482,1,1,0,1,1,0
141,3,1,504,1,1,1,1,1,0
142,3,1,437,1,1,1,1,1,1
143,3,1,383,1,0,0,1,1,1
144,3,1,570,0,0,1,1,0,0
145,3,1,454,0,1,1,0,0,1
146,3,1,405,0,0,0,0,1,1
147,3,1,482,0,1,0,0,0,0
148,3,1,972,0,0,0,0,1,0
149,3,1,432,1,1,0,0,0,0
150,3,1,386,1,1,1,1,1,0
151,3,1,799,1,0,1,1,1,1
152,3,1,482,1,0,0,1,0,1
153,3,1,389,0,0,0,1,0,0
154,3,1,554,1,0,1,0,0,0
155,3,1,474,1,1,0,1,0,1
156,3,1,453,0,0,1,1,1,0
157,3,1,891,0,1,1,0,0,1
158,3,1,454,1,0,1,0,1,1
159,3,1,441,0,1,0,1,0,1
160,3,1,435,1,1,0,0,1,0
161,3,1,441,1,1,1,1,1,0
162,3,1,515,1,1,0,1,1,1
163,3,1,433,1,1,1,1,1,0
164,3,1,543,0,1,0,1,1,1
165,3,1,375,0,1,1,0,1,0
166,3,1,524,1,1,1,0,1,1
167,3,1,338,0,1,1,1,1,1
168,3,0,385,1,0,1,0,1,1
169,3,1,426,1,0,0,1,0,1
170,3,1,508,1,1,0,1,0,0
171,3,1,513,1,1,1,1,1,0
172,3,1,534,1,1,0,1,1,1
173,3,1,474,0,0,1,1,1,0
174,3,1,396,1,1,1,0,0,1
175,3,1,496,1,1,0,1,1,1
176,3,1,552,1,1,0,1,1,0
177,3,1,417,1,0,0,1,1,0
178,3,1,411,0,1,1,1,0,0
179,3,1,501,1,1,0,0,1,1
180,3,1,478,0,0,1,1,1,0
181,3,1,401,0,1,1,0,0,1
182,3,1,435,0,0,1,0,1,1
183,3,1,454,0,0,1,0,0,1
184,3,1,428,0,1,1,0,0,1
185,3,1,421,0,1,1,0,1,1
186,3,1,396,1,1,1,0,1,1
187,3,1,427,0,1,1,1,1,1
188,3,0,325,1,1,0,0,1,1
189,3,1,488,0,1,1,1,1,0
190,3,1,413,0,1,1,0,1,1
191,3,0,415,0,1,0,0,1,1
192,3,1,515,0,0,1,0,1,0
193,3,1,482,0,0,1,0,0,1
194,3,1,432,0,1,1,0,0,1
195,3,1,505,1,1,0,0,1,1
196,3,1,412,0,0,0,1,1,0
197,3,1,522,0,0,1,0,0,0
198,3,1,421,1,1,1,0,0,1
199,3,1,541,0,1,0,1,1,1
200,3,1,545,0,0,0,0,1,0
201,3,1,366,1,1,1,0,0,0
202,3,1,563,1,1,0,1,1,1
203,3,1,424,0,1,1,1,1,0
204,3,1,418,1,0,0,0,1,1
205,3,1,484,1,1,0,1,0,0
206,3,1,496,0,0,1,1,1,0
207,3,1,428,1,1,1,0,0,1
208,3,1,458,0,1,1,1,1,1
209,3,1,415,1,0,0,0,1,1
210,3,1,427,1,1,0,1,0,0
211,3,1,550,1,0,1,1,1,0
212,3,1,415,1,1,1,1,0,1
213,3,1,419,1,1,1,1,1,1
214,3,1,428,1,1,1,1,1,1
215,3,1,591,1,1,0,1,1,1
216,3,1,586,1,0,1,1,1,0
217,3,1,516,1,0,1,1,0,1
218,3,1,472,1,0,0,1,0,1
219,3,1,467,1,0,0,1,0,0
220,3,1,541,1,0,0,1,0,0
221,3,1,501,0,0,1,1,0,0
222,3,1,430,0,1,1,0,0,1
223,3,1,421,1,0,0,0,1,1
224,3,1,562,0,1,0,1,0,0
225,3,1,532,1,0,1,0,1,0
226,3,1,513,1,0,0,1,0,1
227,3,1,431,1,1,1,1,0,0
228,3,1,495,0,0,1,1,1,1
229,3,1,389,0,0,0,0,0,1
230,3,1,711,0,0,1,0,0,0
231,3,1,541,0,1,0,0,0,1
232,3,1,338,1,0,0,0,1,0
233,3,1,548,0,0,1,1,0,0
234,3,1,384,0,1,1,0,0,1
235,3,1,584,0,1,0,0,1,1
236,3,1,389,1,0,0,0,1,0
237,3,1,517,0,1,0,1,0,0
238,3,1,369,1,0,0,0,1,0
239,3,1,526,1,1,0,1,0,0
240,3,1,403,1,0,0,1,1,0
241,3,1,418,0,1,1,1,0,0
242,3,1,475,1,0,1,0,1,1
243,3,1,498,0,0,1,1,0,1
244,3,1,881,0,1,0,0,0,1
245,3,1,537,1,0,1,0,1,0
246,3,1,555,0,0,1,1,0,1
247,3,1,507,0,0,1,0,0,1
248,3,1,601,0,0,1,0,0,1
249,3,1,872,0,1,1,0,0,1
250,3,1,378,0,0,0,0,1,1
251,3,1,526,1,0,1,0,0,0
252,3,1,481,1,0,1,1,0,1
253,3,1,589,0,0,1,1,0,1
254,3,1,544,0,1,0,0,0,1
255,3,1,540,0,1,0,0,1,0
256,3,1,489,1,0,1,0,1,0
257,3,1,502,0,1,0,1,0,1
258,3,1,561,1,1,1,0,1,0
259,3,1,476,1,1,1,1,1,1
260,3,1,419,0,0,0,1,1,1
261,3,1,596,0,1,0,0,0,0
262,3,1,372,1,0,0,0,1,0
263,3,0,309,0,0,1,1,0,0
264,3,1,476,0,0,0,0,0,1
265,3,1,869,0,0,1,0,0,0
266,3,1,415,0,0,0,0,0,1
267,3,1,456,0,0,0,0,0,0
268,3,1,563,1,0,0,0,0,0
269,3,1,581,1,1,0,1,0,0
270,3,1,507,0,1,0,1,1,0
271,3,1,543,1,0,1,0,1,0
272,3,1,429,0,0,0,1,0,1
273,3,1,373,0,1,1,0,0,0
274,3,1,489,0,1,1,0,1,1
275,3,1,459,0,1,1,0,1,1
276,3,1,572,0,1,0,0,1,1
277,3,1,481,0,1,1,0,1,0
278,3,1,477,0,1,0,0,1,1
279,3,1,424,1,0,0,0,1,0
280,3,1,526,1,0,1,1,0,0
281,3,1,431,1,0,1,1,0,1
282,3,1,498,0,1,0,1,0,1
283,3,1,503,1,0,1,0,1,0
284,3,1,506,0,1,1,1,0,1
285,3,1,428,0,0,0,0,1,1
286,3,1,478,1,0,0,0,0,0
287,3,1,519,1,1,0,1,0,0
288,3,1,398,1,0,0,1,1,0
289,3,1,530,1,0,1,1,0,0
290,3,1,402,1,0,0,1,0,1
291,3,1,421,1,1,1,1,0,0
292,3,1,445,0,1,1,1,1,1
293,3,1,542,0,0,1,0,1,1
294,3,1,414,1,0,0,0,0,1
295,3,1,413,0,1,1,1,0,0
296,3,1,517,1,1,0,0,1,1
297,3,1,384,1,1,1,1,1,0
298,3,1,565,0,0,1,1,1,1
299,3,1,481,0,0,0,0,0,0
299,3,1,481,0,0,0,0,0,1
300,3,1,645,0,0,1,0,0,0
301,3,1,407,0,0,0,0,0,1
302,3,1,543,1,0,1,0,0,0
303,3,1,578,1,1,0,1,0,1
304,3,1,409,1,0,0,1,1,0
305,3,1,492,1,1,0,1,0,0
306,3,1,507,1,0,1,1,1,0
307,3,1,475,0,1,1,1,0,1
308,3,1,376,0,0,0,0,1,1
309,3,1,405,1,1,1,0,0,0
310,3,1,322,1,0,0,1,1,1
311,3,1,568,1,1,0,1,0,0
312,3,1,387,0,0,0,1,1,0
313,3,1,395,0,1,1,0,0,0
314,3,1,686,0,1,1,0,1,1
315,3,1,508,0,0,1,0,1,1
316,3,1,426,1,1,1,0,0,1
317,3,1,395,0,0,0,1,1,1
318,3,0,339,0,1,0,0,0,0
319,3,1,547,0,1,0,0,1,0
320,3,1,379,0,0,0,0,1,0
1,4,1,584,1,1,0,1,1,0
2,4,1,516,1,1,1,1,1,0
3,4,1,491,1,1,0,1,1,1
4,4,1,363,0,1,1,1,1,0
5,4,1,402,0,0,0,0,1,1
6,4,1,407,0,0,0,0,0,0
7,4,1,626,0,0,1,0,0,0
8,4,1,477,1,1,0,0,0,1
9,4,1,380,0,0,0,1,1,0
10,4,1,373,0,1,1,0,0,0
11,4,1,506,1,0,1,0,1,1
12,4,1,523,0,1,0,1,0,1
13,4,1,569,1,0,1,0,1,0
14,4,1,799,0,0,1,1,0,1
15,4,1,512,0,1,0,0,0,1
16,4,1,513,0,0,0,0,1,0
17,4,1,505,1,1,0,0,0,0
18,4,1,466,0,0,1,1,1,0
19,4,1,543,0,0,1,0,0,1
20,4,1,488,1,1,1,0,0,1
21,4,1,457,0,1,1,1,1,1
22,4,1,500,0,0,0,0,1,1
23,4,1,524,1,1,0,0,0,0
24,4,1,453,1,1,1,1,1,0
25,4,1,397,0,0,0,1,1,1
26,4,1,444,0,1,0,0,0,0
27,4,1,568,1,0,1,0,1,0
28,4,1,493,1,1,0,1,0,1
29,4,1,394,1,1,1,1,1,0
30,4,1,388,0,0,0,1,1,1
31,4,1,387,0,1,1,0,0,0
32,4,1,631,0,1,0,0,1,1
33,4,1,450,1,0,1,0,1,0
34,4,1,398,1,0,0,1,0,1
35,4,1,526,0,1,0,1,0,0
36,4,1,549,1,0,1,0,1,0
37,4,1,410,0,0,0,1,0,1
38,4,1,598,1,0,1,0,0,0
39,4,1,555,0,0,1,1,0,1
40,4,1,501,0,0,1,0,0,1
41,4,1,512,1,1,0,0,0,1
42,4,1,487,0,0,1,1,1,0
43,4,1,413,0,1,1,0,0,1
44,4,1,388,0,0,0,0,1,1
45,4,1,553,0,0,1,0,0,0
46,4,1,516,0,1,0,0,0,1
47,4,1,472,1,0,1,0,1,0
48,4,1,515,0,1,0,1,0,1
49,4,1,516,0,1,0,0,1,0
50,4,1,525,0,1,1,0,1,0
51,4,1,404,1,1,1,0,1,1
52,4,1,402,0,0,0,1,1,1
53,4,1,394,1,0,0,0,0,0
54,4,1,545,1,1,0,1,0,0
55,4,1,420,0,1,1,1,1,0
56,4,1,345,0,0,0,0,1,1
57,4,1,594,0,0,1,0,0,0
58,4,1,546,0,1,0,0,0,1
59,4,0,327,1,1,0,0,1,0
60,4,1,498,1,0,1,1,1,0
61,4,1,450,1,1,0,1,0,1
62,4,1,405,0,0,0,1,1,0
63,4,1,536,0,0,1,0,0,0
64,4,1,399,1,0,0,0,0,1
65,4,1,388,1,1,1,1,0,0
66,4,1,414,1,1,1,1,1,1
67,4,1,421,0,0,0,1,1,1
68,4,1,387,1,1,1,0,0,0
69,4,1,445,0,0,1,1,1,1
70,4,1,545,1,0,0,0,0,1
71,4,1,753,0,1,1,1,0,0
72,4,1,350,1,0,1,0,1,1
73,4,1,587,0,1,0,1,0,1
74,4,1,424,1,0,0,0,1,0
75,4,1,522,0,0,0,1,0,0
76,4,1,526,1,1,0,0,0,0
77,4,1,572,1,1,0,1,1,0
78,4,1,925,1,0,1,1,1,0
79,4,1,464,1,0,0,1,0,1
80,4,1,425,1,0,0,1,0,0
81,4,1,517,1,1,1,1,0,0
82,4,1,514,0,1,1,1,1,1
83,4,1,392,1,0,0,0,1,1
84,4,1,388,0,0,0,1,0,0
85,4,1,659,0,1,0,0,0,0
86,4,1,496,0,0,1,0,1,0
87,4,1,475,0,0,1,0,0,1
88,4,1,440,1,0,1,0,0,1
89,4,1,543,0,1,0,1,0,1
90,4,1,480,1,1,0,0,1,0
91,4,1,539,1,1,0,1,1,0
92,4,1,448,0,0,0,1,1,0
93,4,1,886,0,1,0,0,0,0
94,4,1,401,0,0,0,0,1,0
95,4,1,378,0,1,1,0,0,0
96,4,1,528,0,1,0,0,1,1
97,4,1,554,1,1,0,0,1,0
98,4,1,430,1,0,0,1,1,0
99,4,1,346,1,1,1,1,0,0
100,4,1,534,0,1,0,1,1,1
101,4,1,459,0,1,0,0,1,0
102,4,1,1223,0,0,1,0,1,0
103,4,1,797,1,0,0,0,0,1
104,4,1,483,1,1,0,1,0,0
105,4,1,451,1,1,1,1,1,0
106,4,1,391,1,0,0,1,1,1
107,4,1,435,0,0,1,1,0,0
108,4,1,402,0,0,0,0,0,1
109,4,1,551,1,0,1,0,0,0
110,4,1,451,1,1,1,1,0,1
111,4,1,750,1,1,0,1,1,1
112,4,1,441,1,1,0,1,1,0
113,4,1,545,1,0,1,1,1,0
114,4,1,511,1,1,0,1,0,1
115,4,1,607,0,0,0,1,1,0
116,4,1,556,0,0,1,0,0,0
117,4,1,492,0,0,1,0,0,1
118,4,1,527,1,0,1,0,0,1
119,4,1,348,0,0,0,1,0,1
120,4,1,538,1,1,0,0,0,0
121,4,1,482,1,1,1,1,1,0
122,4,1,457,1,0,0,1,1,1
123,4,1,498,1,1,0,1,0,0
124,4,1,537,1,0,1,1,1,0
125,4,1,517,1,1,1,1,0,1
126,4,1,485,0,0,1,1,1,1
127,4,1,527,1,0,1,0,0,1
128,4,1,463,1,1,1,1,0,1
129,4,1,566,0,1,0,1,1,1
130,4,1,382,1,0,0,0,1,0
131,4,1,827,0,0,0,1,0,0
132,4,1,565,0,0,1,0,0,0
133,4,1,585,0,0,1,0,0,1
134,4,1,349,0,0,0,0,0,0
134,4,1,349,0,0,0,0,0,1
135,4,1,614,1,1,0,0,0,0
136,4,1,423,0,0,1,1,1,0
137,4,1,446,1,0,1,0,0,1
138,4,1,520,1,1,0,1,0,1
139,4,1,422,1,1,1,1,1,0
140,4,1,474,0,0,1,1,1,1
141,4,1,372,0,0,0,0,0,1
142,4,1,394,1,0,0,0,0,0
143,4,1,436,1,0,0,1,0,0
144,4,1,479,1,0,1,1,0,0
145,4,1,874,1,1,1,1,0,1
146,4,1,622,0,1,0,1,1,1
147,4,1,444,1,0,0,0,1,0
148,4,1,443,0,1,1,1,0,0
149,4,1,564,0,1,0,0,1,1
150,4,1,510,0,1,0,0,1,0
151,4,1,442,0,1,1,0,1,0
152,4,1,430,0,1,1,0,1,1
153,4,1,438,1,1,1,0,1,1
154,4,1,280,0,1,1,1,1,1
155,4,1,537,0,0,1,0,1,1
156,4,1,510,1,0,1,0,0,1
157,4,1,390,1,1,1,1,0,1
158,4,1,409,0,1,1,1,1,1
159,4,1,406,1,0,0,0,1,1
160,4,1,512,1,0,1,1,0,0
161,4,1,970,1,1,0,1,0,1
162,4,1,525,0,1,0,1,1,0
163,4,1,545,1,0,1,0,1,0
164,4,1,525,1,1,0,1,0,1
165,4,1,360,0,0,0,1,1,0
166,4,1,485,0,0,0,0,0,0
167,4,1,443,1,1,1,0,0,0
168,4,0,315,0,1,0,1,1,1
169,4,1,580,0,0,1,0,1,0
170,4,1,438,1,1,0,0,0,1
171,4,1,406,0,0,0,1,1,0
172,4,1,537,0,0,0,0,0,0
173,4,1,382,1,1,1,0,0,0
174,4,1,509,1,0,1,1,1,1
175,4,1,456,1,1,1,1,0,1
176,4,1,368,1,0,0,1,1,1
177,4,1,372,1,0,0,1,0,0
178,4,1,401,1,0,0,1,0,0
179,4,1,540,0,0,1,1,0,0
180,4,1,405,1,1,1,0,0,1
181,4,1,598,0,1,0,1,1,1
182,4,1,532,0,1,0,0,1,0
183,4,1,389,0,1,1,0,1,0
184,4,1,506,0,0,1,0,1,1
185,4,1,480,1,0,0,0,0,1
186,4,1,659,0,1,0,1,0,0
187,4,1,467,0,0,1,0,1,0
188,4,1,448,1,1,0,0,0,1
189,4,1,496,0,0,1,1,1,0
190,4,1,495,0,1,1,0,0,1
191,4,1,493,0,0,1,0,1,1
192,4,1,334,1,1,1,0,0,1
193,4,1,401,1,1,1,1,1,1
194,4,1,480,1,0,1,1,1,1
195,4,1,397,1,0,0,1,0,1
196,4,1,371,1,1,1,1,0,0
197,4,1,346,0,1,1,1,1,1
198,4,1,328,1,0,0,0,1,1
199,4,1,280,0,0,0,1,0,0
200,4,1,343,1,1,0,0,0,0
201,4,1,448,1,0,1,1,1,0
202,4,1,420,1,1,1,1,0,1
203,4,1,433,0,0,1,1,1,1
204,4,1,448,0,0,1,0,0,1
205,4,1,360,0,0,0,0,0,1
206,4,1,480,0,0,1,0,0,0
207,4,1,503,1,1,0,0,0,1
208,4,0,346,0,1,1,1,1,0
209,4,1,1190,0,0,1,0,1,1
210,4,1,398,0,0,0,0,0,1
211,4,1,382,0,1,1,0,0,0
212,4,1,492,1,0,1,0,1,1
213,4,1,482,1,1,0,1,0,1
214,4,0,297,1,1,0,1,1,0
215,4,1,520,1,1,1,1,1,0
216,4,1,620,0,1,0,1,1,1
217,4,1,928,1,0,0,0,1,0
218,4,1,683,0,0,1,1,0,0
219,4,1,432,1,0,0,0,0,1
220,4,1,417,0,1,0,1,0,0
221,4,1,456,0,1,1,0,1,0
222,4,1,522,0,1,0,0,1,1
223,4,1,596,0,0,0,0,1,0
224,4,1,430,1,0,0,0,0,0
225,4,1,548,1,1,0,1,0,0
226,4,1,443,0,1,1,1,1,0
227,4,1,516,1,0,1,0,1,1
228,4,1,514,1,0,1,1,0,1
229,4,1,839,0,1,1,1,0,1
230,4,0,288,1,1,0,0,1,1
231,4,1,437,0,1,1,1,1,0
232,4,1,467,0,1,0,0,1,1
233,4,1,483,1,1,0,0,1,0
234,4,0,330,1,0,1,1,1,0
235,4,1,399,0,0,0,1,0,1
236,4,1,484,1,0,1,0,0,0
237,4,1,408,0,1,1,1,0,1
238,4,1,470,0,1,1,0,1,1
239,4,1,605,0,0,1,0,1,1
240,4,1,421,1,1,1,0,0,1
241,4,1,544,0,1,0,1,1,1
242,4,1,476,0,0,1,0,1,0
243,4,1,501,1,0,1,0,0,1
244,4,1,546,1,0,1,1,0,1
245,4,1,464,1,1,1,1,0,1
246,4,1,405,1,1,1,1,1,1
247,4,1,375,0,1,1,1,1,1
248,4,1,400,1,0,0,0,1,1
249,4,1,955,1,0,0,1,0,0
250,4,1,410,0,1,1,1,0,0
251,4,1,490,0,0,0,0,1,1
252,4,1,488,1,1,0,0,0,0
253,4,1,555,0,1,0,1,1,0
254,4,1,504,1,1,0,0,1,0
255,4,1,374,1,1,1,1,1,0
256,4,1,854,0,0,0,1,1,1
257,4,1,613,1,1,0,0,0,0
258,4,1,362,0,1,1,1,1,0
259,4,1,446,0,0,1,0,1,1
260,4,1,853,0,1,1,0,0,1
261,4,1,456,0,0,0,0,1,1
262,4,1,366,1,1,1,0,0,0
263,4,1,425,0,1,1,1,1,1
264,4,0,406,1,0,1,0,1,1
265,4,1,1258,0,1,0,1,0,1
266,4,1,527,0,0,1,0,1,0
267,4,1,366,0,1,1,0,0,1
268,4,1,806,0,0,0,0,1,1
269,4,1,527,1,1,0,0,0,0
270,4,1,487,0,1,0,1,1,0
271,4,1,415,1,0,0,0,1,0
272,4,1,475,1,0,0,1,0,0
273,4,1,520,0,1,0,1,0,0
274,4,1,540,0,1,0,0,1,0
275,4,1,848,1,0,0,0,1,0
276,4,1,521,1,1,0,1,0,0
277,4,1,477,0,0,0,1,1,0
278,4,1,402,1,0,0,0,0,0
279,4,1,417,0,0,0,1,0,0
280,4,1,396,0,0,0,0,0,0
281,4,0,420,0,0,1,0,0,0
282,4,1,390,1,0,0,0,0,1
283,4,1,423,1,1,1,1,0,0
284,4,1,567,0,1,0,1,1,1
285,4,1,535,1,0,1,0,1,0
286,4,1,525,0,0,1,1,0,1
287,4,1,531,1,0,1,0,0,1
288,4,1,598,1,0,1,1,0,1
289,4,1,488,0,1,0,1,0,1
290,4,1,444,1,0,0,0,1,0
291,4,1,384,1,1,1,1,0,0
292,4,1,448,0,1,1,1,1,1
293,4,1,452,0,1,1,0,1,1
294,4,1,352,1,0,0,0,1,1
295,4,1,451,1,0,0,1,0,0
296,4,1,1007,1,0,0,1,0,0
297,4,1,401,1,0,0,1,0,0
298,4,1,446,1,1,1,1,0,0
299,4,1,523,0,1,0,1,1,1
300,4,1,402,0,1,1,0,1,0
301,4,1,378,0,0,0,0,1,1
302,4,1,760,1,0,0,0,0,0
303,4,1,582,1,0,1,1,0,0
304,4,1,483,1,0,1,1,0,1
305,4,1,820,0,1,1,1,0,1
306,4,1,393,1,1,1,0,1,1
307,4,1,371,0,1,1,1,1,1
308,4,1,568,0,1,1,0,1,1
309,4,1,563,0,1,0,0,1,1
310,4,1,698,1,0,1,0,1,0
311,4,1,527,1,0,1,1,0,1
312,4,1,502,1,1,0,1,0,1
313,4,0,336,1,0,1,1,1,0
314,4,1,595,1,1,1,1,0,1
315,4,1,390,0,1,1,1,1,1
316,4,1,507,0,1,0,0,1,1
317,4,1,372,0,1,1,0,1,0
318,4,1,393,1,1,1,0,1,1
319,4,1,370,1,0,0,1,1,1
320,4,1,425,1,1,1,1,0,0
